ypos xpos radius count_sum bg_galaxy no_count
3.000000000000000000e+01 1.692000000000000000e+03 1.200000000000000000e+01 4.955953000000000000e+06 6.083500000000000227e+02 4.410000000000000000e+02
1.495000000000000000e+03 6.340000000000000000e+02 1.200000000000000000e+01 3.665956000000000000e+06 3.419000000000000000e+03 4.410000000000000000e+02
1.938000000000000000e+03 6.750000000000000000e+02 1.200000000000000000e+01 3.316388000000000000e+06 3.419000000000000000e+03 4.410000000000000000e+02
2.300000000000000000e+03 4.460000000000000000e+02 1.200000000000000000e+01 3.831109000000000000e+06 3.419000000000000000e+03 4.410000000000000000e+02
4.098000000000000000e+03 5.580000000000000000e+02 1.200000000000000000e+01 7.690706000000000000e+06 3.419000000000000000e+03 4.410000000000000000e+02
5.780000000000000000e+02 1.772000000000000000e+03 1.200000000000000000e+01 3.838963000000000000e+06 3.419000000000000000e+03 4.410000000000000000e+02
4.273000000000000000e+03 5.500000000000000000e+01 1.200000000000000000e+01 3.276963000000000000e+06 1.000000000000000000e+00 4.410000000000000000e+02
3.923000000000000000e+03 1.880000000000000000e+02 1.200000000000000000e+01 2.774341000000000000e+06 1.158500000000000000e+03 4.410000000000000000e+02
2.263000000000000000e+03 7.040000000000000000e+02 1.200000000000000000e+01 3.031784000000000000e+06 3.419000000000000000e+03 4.410000000000000000e+02
6.620000000000000000e+02 6.500000000000000000e+01 1.200000000000000000e+01 5.111736000000000000e+06 3.419000000000000000e+03 4.410000000000000000e+02
1.424000000000000000e+03 2.089000000000000000e+03 1.200000000000000000e+01 7.942316000000000000e+06 3.419000000000000000e+03 4.410000000000000000e+02
1.115000000000000000e+03 2.522000000000000000e+03 1.200000000000000000e+01 2.009656000000000000e+06 1.535824175824175768e+02 4.410000000000000000e+02
1.439000000000000000e+03 2.088000000000000000e+03 1.200000000000000000e+01 1.426529000000000000e+06 7.928421052631579187e+02 2.580000000000000000e+02
4.033000000000000000e+03 1.456000000000000000e+03 1.200000000000000000e+01 5.994509000000000000e+06 1.000000000000000000e+00 4.410000000000000000e+02
1.654000000000000000e+03 9.660000000000000000e+02 1.200000000000000000e+01 2.755710000000000000e+06 1.852466666666666697e+03 4.410000000000000000e+02
3.758000000000000000e+03 2.135000000000000000e+03 1.200000000000000000e+01 9.661123000000000000e+06 3.419000000000000000e+03 4.410000000000000000e+02
4.400000000000000000e+03 1.312000000000000000e+03 1.200000000000000000e+01 3.624497000000000000e+06 1.042500000000000000e+03 4.410000000000000000e+02
3.780000000000000000e+03 2.133000000000000000e+03 1.200000000000000000e+01 3.532639000000000000e+06 4.411126760563380458e+02 3.930000000000000000e+02
3.742000000000000000e+03 2.133000000000000000e+03 1.200000000000000000e+01 2.789181000000000000e+06 1.687057142857142935e+03 2.820000000000000000e+02
2.312000000000000000e+03 2.132000000000000000e+03 1.200000000000000000e+01 7.494433000000000000e+06 3.419000000000000000e+03 4.410000000000000000e+02
4.330000000000000000e+03 1.365000000000000000e+03 1.200000000000000000e+01 3.021537000000000000e+06 1.735500000000000000e+03 4.410000000000000000e+02
2.295000000000000000e+03 2.132000000000000000e+03 1.200000000000000000e+01 1.681918000000000000e+06 7.803877551020408418e+02 3.000000000000000000e+02
3.373000000000000000e+03 8.940000000000000000e+02 1.200000000000000000e+01 2.782182000000000000e+06 3.473000000000000000e+03 4.410000000000000000e+02
3.034000000000000000e+03 2.519000000000000000e+03 1.200000000000000000e+01 3.013442000000000000e+06 6.777884615384616041e+01 4.410000000000000000e+02
3.845000000000000000e+03 2.278000000000000000e+03 1.200000000000000000e+01 2.819615000000000000e+06 1.157833333333333258e+03 4.410000000000000000e+02
8.440000000000000000e+02 2.080000000000000000e+02 1.200000000000000000e+01 2.773259000000000000e+06 1.158000000000000000e+03 4.410000000000000000e+02
4.315000000000000000e+03 5.770000000000000000e+02 1.200000000000000000e+01 2.248541000000000000e+06 9.978217821782178589e+02 4.410000000000000000e+02
1.561000000000000000e+03 1.932000000000000000e+03 1.200000000000000000e+01 2.214420000000000000e+06 7.008870967741935374e+02 4.410000000000000000e+02
2.880000000000000000e+02 1.798000000000000000e+03 1.200000000000000000e+01 2.370493000000000000e+06 8.981910112359551022e+02 4.410000000000000000e+02
1.091000000000000000e+03 2.385000000000000000e+03 1.200000000000000000e+01 2.199052000000000000e+06 5.552689075630252091e+02 4.410000000000000000e+02
2.431000000000000000e+03 3.600000000000000000e+02 1.200000000000000000e+01 2.313810000000000000e+06 1.894454545454545496e+03 4.410000000000000000e+02
1.409000000000000000e+03 2.088000000000000000e+03 1.200000000000000000e+01 1.159136000000000000e+06 9.358076923076922640e+02 2.580000000000000000e+02
3.297000000000000000e+03 2.260000000000000000e+03 1.200000000000000000e+01 2.858373000000000000e+06 3.419000000000000000e+03 4.410000000000000000e+02
3.597000000000000000e+03 3.650000000000000000e+02 1.200000000000000000e+01 2.040764000000000000e+06 6.270655737704918238e+02 4.410000000000000000e+02
4.222000000000000000e+03 5.830000000000000000e+02 1.200000000000000000e+01 2.003399000000000000e+06 5.825968586387434698e+02 4.410000000000000000e+02
3.206000000000000000e+03 8.550000000000000000e+02 1.200000000000000000e+01 2.052927000000000000e+06 1.053868852459016352e+03 4.410000000000000000e+02
4.498000000000000000e+03 1.677000000000000000e+03 1.200000000000000000e+01 1.872364000000000000e+06 3.118109452736318303e+02 4.410000000000000000e+02
1.741000000000000000e+03 6.840000000000000000e+02 1.200000000000000000e+01 2.033055000000000000e+06 6.481920903954802498e+02 4.410000000000000000e+02
3.215000000000000000e+03 2.459000000000000000e+03 1.200000000000000000e+01 1.705338000000000000e+06 1.627669491525423666e+02 4.410000000000000000e+02
2.356000000000000000e+03 6.680000000000000000e+02 1.200000000000000000e+01 1.865104000000000000e+06 3.432065727699530271e+02 4.410000000000000000e+02
1.781000000000000000e+03 1.414000000000000000e+03 1.200000000000000000e+01 2.480103000000000000e+06 3.419000000000000000e+03 4.410000000000000000e+02
1.688000000000000000e+03 1.001000000000000000e+03 1.200000000000000000e+01 1.826374000000000000e+06 1.822128514056225015e+02 4.410000000000000000e+02
1.653000000000000000e+03 1.931000000000000000e+03 1.200000000000000000e+01 1.725065000000000000e+06 5.357575757575757791e+01 4.410000000000000000e+02
2.334000000000000000e+03 1.284000000000000000e+03 1.200000000000000000e+01 1.708751000000000000e+06 1.575714285714285836e+02 4.410000000000000000e+02
3.582000000000000000e+03 3.740000000000000000e+02 1.200000000000000000e+01 1.296764000000000000e+06 3.046937500000000227e+02 3.100000000000000000e+02
4.511000000000000000e+03 2.091000000000000000e+03 1.200000000000000000e+01 1.315442000000000000e+06 6.854085603112839920e+01 4.410000000000000000e+02
1.638000000000000000e+03 2.340000000000000000e+02 1.200000000000000000e+01 1.859169000000000000e+06 3.373744493392070467e+02 4.410000000000000000e+02
1.473000000000000000e+03 5.400000000000000000e+01 1.200000000000000000e+01 1.871497000000000000e+06 4.929527559055118218e+02 4.410000000000000000e+02
1.400000000000000000e+01 1.005000000000000000e+03 1.200000000000000000e+01 1.137073000000000000e+06 2.770769230769230873e+01 4.410000000000000000e+02
2.513000000000000000e+03 3.910000000000000000e+02 1.200000000000000000e+01 1.544766000000000000e+06 1.193333333333333286e+02 4.410000000000000000e+02
3.540000000000000000e+03 5.180000000000000000e+02 1.200000000000000000e+01 1.487378000000000000e+06 1.582188679245282970e+02 4.410000000000000000e+02
3.716000000000000000e+03 4.050000000000000000e+02 1.200000000000000000e+01 1.619259000000000000e+06 7.221538461538462172e+01 4.410000000000000000e+02
4.300000000000000000e+01 8.660000000000000000e+02 1.200000000000000000e+01 2.948890000000000000e+06 3.419000000000000000e+03 4.410000000000000000e+02
1.960000000000000000e+03 2.487000000000000000e+03 1.200000000000000000e+01 1.084346000000000000e+06 1.000000000000000000e+00 4.410000000000000000e+02
4.082000000000000000e+03 5.580000000000000000e+02 1.200000000000000000e+01 8.939380000000000000e+05 2.836744186046511800e+02 2.790000000000000000e+02
8.290000000000000000e+02 1.868000000000000000e+03 1.200000000000000000e+01 2.102616000000000000e+06 1.303187500000000000e+03 4.410000000000000000e+02
2.591000000000000000e+03 1.029000000000000000e+03 1.200000000000000000e+01 1.541843000000000000e+06 4.589224137931034164e+01 4.410000000000000000e+02
3.333000000000000000e+03 5.550000000000000000e+02 1.200000000000000000e+01 1.464992000000000000e+06 1.017966804979253084e+02 4.410000000000000000e+02
1.175000000000000000e+03 5.740000000000000000e+02 1.200000000000000000e+01 2.068371000000000000e+06 1.000000000000000000e+00 4.410000000000000000e+02
3.240000000000000000e+03 1.815000000000000000e+03 1.200000000000000000e+01 1.461221000000000000e+06 9.518217054263566013e+01 4.410000000000000000e+02
4.211000000000000000e+03 3.480000000000000000e+02 1.200000000000000000e+01 1.220946000000000000e+06 1.000000000000000000e+00 4.410000000000000000e+02
1.555000000000000000e+03 2.055000000000000000e+03 1.200000000000000000e+01 1.221999000000000000e+06 1.000000000000000000e+00 4.410000000000000000e+02
2.322000000000000000e+03 1.005000000000000000e+03 1.200000000000000000e+01 1.301136000000000000e+06 1.000000000000000000e+00 4.410000000000000000e+02
2.862000000000000000e+03 2.078000000000000000e+03 1.200000000000000000e+01 1.196839000000000000e+06 8.110769230769230376e+01 4.410000000000000000e+02
2.277000000000000000e+03 2.298000000000000000e+03 1.200000000000000000e+01 1.899008000000000000e+06 3.419000000000000000e+03 4.410000000000000000e+02
3.620000000000000000e+03 2.154000000000000000e+03 1.200000000000000000e+01 1.047628000000000000e+06 1.000000000000000000e+00 4.410000000000000000e+02
9.400000000000000000e+02 2.080000000000000000e+02 1.200000000000000000e+01 1.529242000000000000e+06 2.296296296296296191e+02 4.410000000000000000e+02
4.419000000000000000e+03 6.000000000000000000e+02 1.200000000000000000e+01 1.097536000000000000e+06 1.396268656716417844e+01 4.410000000000000000e+02
3.660000000000000000e+03 2.321000000000000000e+03 1.200000000000000000e+01 1.018532000000000000e+06 1.000000000000000000e+00 4.410000000000000000e+02
1.422000000000000000e+03 9.090000000000000000e+02 1.200000000000000000e+01 1.138409000000000000e+06 1.000000000000000000e+00 4.410000000000000000e+02
3.850000000000000000e+03 6.030000000000000000e+02 1.200000000000000000e+01 1.057413000000000000e+06 1.000000000000000000e+00 4.410000000000000000e+02
3.936000000000000000e+03 5.010000000000000000e+02 1.200000000000000000e+01 1.032022000000000000e+06 1.000000000000000000e+00 4.410000000000000000e+02
1.241000000000000000e+03 4.800000000000000000e+01 1.200000000000000000e+01 1.190532000000000000e+06 1.221046511627907023e+02 4.410000000000000000e+02
1.296000000000000000e+03 5.200000000000000000e+02 1.200000000000000000e+01 1.039103000000000000e+06 1.000000000000000000e+00 4.410000000000000000e+02
6.100000000000000000e+02 1.312000000000000000e+03 1.200000000000000000e+01 1.200725000000000000e+06 7.868656716417910957e+01 4.410000000000000000e+02
1.803000000000000000e+03 1.106000000000000000e+03 1.200000000000000000e+01 9.428470000000000000e+05 1.000000000000000000e+00 4.410000000000000000e+02
1.466000000000000000e+03 1.280000000000000000e+02 1.200000000000000000e+01 1.143264000000000000e+06 6.700760456273764021e+01 4.410000000000000000e+02
1.040000000000000000e+02 1.010000000000000000e+03 1.200000000000000000e+01 2.003596000000000000e+06 6.322272727272727479e+02 4.410000000000000000e+02
4.500000000000000000e+01 1.693000000000000000e+03 1.200000000000000000e+01 9.115890000000000000e+05 5.995517241379310462e+02 2.580000000000000000e+02
3.295000000000000000e+03 1.913000000000000000e+03 1.200000000000000000e+01 9.215320000000000000e+05 1.394776119402985159e+01 4.410000000000000000e+02
6.610000000000000000e+02 8.000000000000000000e+01 1.200000000000000000e+01 1.331656000000000000e+06 3.419000000000000000e+03 2.580000000000000000e+02
3.522000000000000000e+03 1.663000000000000000e+03 1.200000000000000000e+01 9.466110000000000000e+05 1.000000000000000000e+00 4.410000000000000000e+02
4.586000000000000000e+03 1.338000000000000000e+03 1.200000000000000000e+01 1.192834000000000000e+06 1.920825688073394417e+02 4.410000000000000000e+02
6.630000000000000000e+02 5.000000000000000000e+01 1.200000000000000000e+01 1.301054000000000000e+06 3.419000000000000000e+03 2.580000000000000000e+02
3.170000000000000000e+03 2.320000000000000000e+02 1.200000000000000000e+01 8.998060000000000000e+05 1.000000000000000000e+00 4.410000000000000000e+02
3.251000000000000000e+03 2.218000000000000000e+03 1.200000000000000000e+01 1.874854000000000000e+06 2.210545454545454504e+03 4.410000000000000000e+02
2.408000000000000000e+03 1.919000000000000000e+03 1.200000000000000000e+01 8.707680000000000000e+05 1.444961240310077599e+01 4.410000000000000000e+02
2.376000000000000000e+03 7.940000000000000000e+02 1.200000000000000000e+01 1.654202000000000000e+06 5.120050761421319976e+02 4.410000000000000000e+02
1.133000000000000000e+03 2.600000000000000000e+01 1.200000000000000000e+01 1.723124000000000000e+06 6.188305084745762770e+02 4.410000000000000000e+02
2.660000000000000000e+03 1.344000000000000000e+03 1.200000000000000000e+01 1.182643000000000000e+06 9.329255319148936110e+01 4.410000000000000000e+02
3.423000000000000000e+03 8.440000000000000000e+02 1.200000000000000000e+01 1.642988000000000000e+06 7.799804878048780665e+02 4.410000000000000000e+02
2.697000000000000000e+03 1.132000000000000000e+03 1.200000000000000000e+01 1.680417000000000000e+06 3.977642857142857338e+02 4.410000000000000000e+02
3.096000000000000000e+03 8.960000000000000000e+02 1.200000000000000000e+01 8.610570000000000000e+05 4.044696969696969546e+01 4.410000000000000000e+02
2.866000000000000000e+03 1.662000000000000000e+03 1.200000000000000000e+01 1.803763000000000000e+06 3.475000000000000000e+03 4.410000000000000000e+02
3.353000000000000000e+03 6.400000000000000000e+02 1.200000000000000000e+01 1.937455000000000000e+06 2.084800000000000182e+03 4.410000000000000000e+02
8.390000000000000000e+02 2.580000000000000000e+02 1.200000000000000000e+01 1.610177000000000000e+06 4.675860215053763227e+02 4.410000000000000000e+02
3.298000000000000000e+03 1.740000000000000000e+03 1.200000000000000000e+01 1.712267000000000000e+06 1.501049382716049422e+03 4.410000000000000000e+02
4.220000000000000000e+02 2.340000000000000000e+03 1.200000000000000000e+01 1.759502000000000000e+06 2.449027027027026975e+02 4.410000000000000000e+02
5.000000000000000000e+02 1.292000000000000000e+03 1.200000000000000000e+01 1.907082000000000000e+06 1.458880000000000109e+03 4.410000000000000000e+02
3.070000000000000000e+03 2.338000000000000000e+03 1.200000000000000000e+01 1.240167000000000000e+06 6.625563909774436411e+01 4.410000000000000000e+02
7.480000000000000000e+02 2.099000000000000000e+03 1.200000000000000000e+01 1.535864000000000000e+06 2.581203703703703809e+02 4.410000000000000000e+02
4.363000000000000000e+03 2.106000000000000000e+03 1.200000000000000000e+01 1.086148000000000000e+06 2.748473282442748200e+01 4.410000000000000000e+02
1.164000000000000000e+03 8.520000000000000000e+02 1.200000000000000000e+01 1.593973000000000000e+06 2.404080459770114828e+02 4.410000000000000000e+02
2.602000000000000000e+03 1.100000000000000000e+02 1.200000000000000000e+01 9.017300000000000000e+05 6.722519083969466180e+01 4.410000000000000000e+02
3.800000000000000000e+01 2.296000000000000000e+03 1.200000000000000000e+01 1.605707000000000000e+06 2.746305418719211957e+02 4.410000000000000000e+02
1.064000000000000000e+03 1.237000000000000000e+03 1.200000000000000000e+01 9.422430000000000000e+05 1.614847161572052414e+01 4.410000000000000000e+02
3.391000000000000000e+03 1.067000000000000000e+03 1.200000000000000000e+01 1.183226000000000000e+06 5.300749063670411942e+01 4.410000000000000000e+02
3.905000000000000000e+03 5.130000000000000000e+02 1.200000000000000000e+01 1.510801000000000000e+06 2.253612167300380236e+02 4.410000000000000000e+02
3.300000000000000000e+01 8.780000000000000000e+02 1.200000000000000000e+01 1.248863000000000000e+06 3.419000000000000000e+03 2.710000000000000000e+02
4.720000000000000000e+02 2.467000000000000000e+03 1.200000000000000000e+01 1.875591000000000000e+06 3.419000000000000000e+03 4.410000000000000000e+02
5.740000000000000000e+02 1.248000000000000000e+03 1.200000000000000000e+01 1.359278000000000000e+06 1.255426008968609892e+02 4.410000000000000000e+02
4.537000000000000000e+03 3.440000000000000000e+02 1.200000000000000000e+01 1.083969000000000000e+06 1.262525773195876297e+02 4.410000000000000000e+02
5.600000000000000000e+01 8.580000000000000000e+02 1.200000000000000000e+01 1.173898000000000000e+06 3.419000000000000000e+03 2.630000000000000000e+02
2.940000000000000000e+02 6.270000000000000000e+02 1.200000000000000000e+01 1.102798000000000000e+06 2.691044776119402826e+01 4.410000000000000000e+02
3.536000000000000000e+03 2.200000000000000000e+03 1.200000000000000000e+01 9.000520000000000000e+05 2.018232044198894926e+01 4.410000000000000000e+02
2.882000000000000000e+03 8.690000000000000000e+02 1.200000000000000000e+01 1.779460000000000000e+06 3.419000000000000000e+03 4.410000000000000000e+02
1.830000000000000000e+02 9.880000000000000000e+02 1.200000000000000000e+01 1.615031000000000000e+06 3.316666666666666856e+02 4.410000000000000000e+02
3.479000000000000000e+03 1.141000000000000000e+03 1.200000000000000000e+01 1.220141000000000000e+06 5.338113207547169736e+01 4.410000000000000000e+02
2.161000000000000000e+03 1.969000000000000000e+03 1.200000000000000000e+01 1.303175000000000000e+06 5.339622641509433976e+01 4.410000000000000000e+02
5.580000000000000000e+02 2.406000000000000000e+03 1.200000000000000000e+01 1.290244000000000000e+06 4.016165413533834538e+01 4.410000000000000000e+02
1.728000000000000000e+03 1.323000000000000000e+03 1.200000000000000000e+01 1.619145000000000000e+06 1.938888888888888857e+02 4.410000000000000000e+02
1.330000000000000000e+02 1.598000000000000000e+03 1.200000000000000000e+01 1.587085000000000000e+06 6.079020979020979212e+02 4.410000000000000000e+02
4.478000000000000000e+03 1.413000000000000000e+03 1.200000000000000000e+01 1.219932000000000000e+06 5.654800000000000182e+01 4.410000000000000000e+02
3.953000000000000000e+03 5.460000000000000000e+02 1.200000000000000000e+01 1.407615000000000000e+06 1.499484978540772602e+02 4.410000000000000000e+02
2.010000000000000000e+03 1.660000000000000000e+03 1.200000000000000000e+01 1.196430000000000000e+06 2.729166666666666785e+01 4.410000000000000000e+02
4.099000000000000000e+03 5.730000000000000000e+02 1.200000000000000000e+01 8.841520000000000000e+05 1.101512195121951208e+03 2.360000000000000000e+02
1.394000000000000000e+03 2.079000000000000000e+03 1.200000000000000000e+01 1.201265000000000000e+06 5.582469135802468827e+02 3.100000000000000000e+02
1.956000000000000000e+03 1.906000000000000000e+03 1.200000000000000000e+01 1.329737000000000000e+06 2.900403225806451601e+01 4.410000000000000000e+02
1.087000000000000000e+03 5.700000000000000000e+01 1.200000000000000000e+01 1.287677000000000000e+06 5.743089430894308833e+01 4.410000000000000000e+02
3.337000000000000000e+03 1.722000000000000000e+03 1.200000000000000000e+01 1.508855000000000000e+06 3.593161290322580612e+02 4.410000000000000000e+02
2.370000000000000000e+03 1.879000000000000000e+03 1.200000000000000000e+01 1.360116000000000000e+06 1.790299145299145209e+02 4.410000000000000000e+02
2.326000000000000000e+03 2.373000000000000000e+03 1.200000000000000000e+01 1.686160000000000000e+06 1.000000000000000000e+00 4.410000000000000000e+02
1.441000000000000000e+03 9.400000000000000000e+01 1.200000000000000000e+01 1.432914000000000000e+06 3.636567164179104452e+02 4.410000000000000000e+02
2.886000000000000000e+03 1.170000000000000000e+03 1.200000000000000000e+01 1.176965000000000000e+06 1.511297297297297177e+02 4.410000000000000000e+02
1.562000000000000000e+03 1.963000000000000000e+03 1.200000000000000000e+01 1.571676000000000000e+06 6.165714285714285552e+02 4.410000000000000000e+02
2.940000000000000000e+02 6.870000000000000000e+02 1.200000000000000000e+01 1.056891000000000000e+06 4.001498127340823885e+01 4.410000000000000000e+02
1.383000000000000000e+03 2.335000000000000000e+03 1.200000000000000000e+01 1.465336000000000000e+06 7.987121212121212466e+01 4.410000000000000000e+02
1.560000000000000000e+03 2.090000000000000000e+03 1.200000000000000000e+01 1.366891000000000000e+06 3.984701492537313783e+01 4.410000000000000000e+02
1.936000000000000000e+03 1.073000000000000000e+03 1.200000000000000000e+01 1.641245000000000000e+06 5.116176470588235361e+02 4.410000000000000000e+02
6.310000000000000000e+02 8.100000000000000000e+01 1.200000000000000000e+01 1.705882000000000000e+06 3.472500000000000000e+03 4.410000000000000000e+02
3.759000000000000000e+03 2.120000000000000000e+03 1.200000000000000000e+01 9.170780000000000000e+05 1.737000000000000000e+03 2.420000000000000000e+02
2.865000000000000000e+03 9.000000000000000000e+02 1.200000000000000000e+01 1.383912000000000000e+06 3.663684210526315610e+02 4.410000000000000000e+02
2.350000000000000000e+03 6.100000000000000000e+01 1.200000000000000000e+01 1.210803000000000000e+06 1.339106382978723389e+02 4.410000000000000000e+02
8.730000000000000000e+02 6.500000000000000000e+01 1.200000000000000000e+01 8.969840000000000000e+05 1.078076923076923066e+02 4.410000000000000000e+02
1.631000000000000000e+03 5.000000000000000000e+00 1.200000000000000000e+01 8.961710000000000000e+05 1.001714285714285779e+02 3.460000000000000000e+02
4.610000000000000000e+02 1.799000000000000000e+03 1.200000000000000000e+01 9.349500000000000000e+05 1.546250000000000036e+01 4.410000000000000000e+02
3.482000000000000000e+03 1.466000000000000000e+03 1.200000000000000000e+01 1.504235000000000000e+06 3.507984496124030898e+02 4.410000000000000000e+02
1.104000000000000000e+03 7.170000000000000000e+02 1.200000000000000000e+01 1.326017000000000000e+06 5.337358490566037972e+01 4.410000000000000000e+02
2.670000000000000000e+03 8.280000000000000000e+02 1.200000000000000000e+01 1.116537000000000000e+06 1.317071129707113073e+02 4.410000000000000000e+02
3.395000000000000000e+03 9.080000000000000000e+02 1.200000000000000000e+01 1.366005000000000000e+06 4.638962962962962706e+02 4.370000000000000000e+02
3.349000000000000000e+03 6.880000000000000000e+02 1.200000000000000000e+01 1.198291000000000000e+06 4.015789473684210265e+01 4.410000000000000000e+02
3.260000000000000000e+03 1.882000000000000000e+03 1.200000000000000000e+01 9.470230000000000000e+05 1.000000000000000000e+00 4.410000000000000000e+02
8.540000000000000000e+02 1.733000000000000000e+03 1.200000000000000000e+01 1.507199000000000000e+06 8.833333333333332860e+01 4.410000000000000000e+02
2.585000000000000000e+03 1.110000000000000000e+03 1.200000000000000000e+01 1.219975000000000000e+06 8.249765258215963115e+01 4.410000000000000000e+02
3.224000000000000000e+03 9.080000000000000000e+02 1.200000000000000000e+01 8.970910000000000000e+05 6.724427480916030220e+01 4.410000000000000000e+02
1.682000000000000000e+03 2.467000000000000000e+03 1.200000000000000000e+01 1.517375000000000000e+06 4.115913978494623393e+02 4.410000000000000000e+02
2.777000000000000000e+03 6.140000000000000000e+02 1.200000000000000000e+01 1.544030000000000000e+06 2.830710659898477388e+02 4.410000000000000000e+02
3.258000000000000000e+03 2.477000000000000000e+03 1.200000000000000000e+01 9.043030000000000000e+05 4.551282051282051100e+01 4.410000000000000000e+02
2.641000000000000000e+03 2.281000000000000000e+03 1.200000000000000000e+01 1.010689000000000000e+06 7.847321428571429180e+01 4.410000000000000000e+02
3.855000000000000000e+03 3.380000000000000000e+02 1.200000000000000000e+01 8.690020000000000000e+05 1.000000000000000000e+00 4.410000000000000000e+02
1.120000000000000000e+02 1.023000000000000000e+03 1.200000000000000000e+01 9.479040000000000000e+05 6.830714285714285552e+02 2.630000000000000000e+02
3.531000000000000000e+03 8.700000000000000000e+01 1.200000000000000000e+01 1.239769000000000000e+06 8.301968503937007426e+01 4.410000000000000000e+02
2.519000000000000000e+03 4.420000000000000000e+02 1.200000000000000000e+01 1.024558000000000000e+06 5.697177419354838435e+01 4.410000000000000000e+02
3.305000000000000000e+03 6.070000000000000000e+02 1.200000000000000000e+01 1.131448000000000000e+06 4.609523809523809490e+01 4.410000000000000000e+02
8.340000000000000000e+02 1.335000000000000000e+03 1.200000000000000000e+01 1.168197000000000000e+06 8.821608040201004997e+01 4.410000000000000000e+02
5.060000000000000000e+02 1.278000000000000000e+03 1.200000000000000000e+01 8.735090000000000000e+05 2.947461538461538453e+02 2.630000000000000000e+02
3.500000000000000000e+02 1.900000000000000000e+02 1.200000000000000000e+01 9.574860000000000000e+05 2.188661087866108801e+02 4.410000000000000000e+02
4.710000000000000000e+02 2.113000000000000000e+03 1.200000000000000000e+01 1.198690000000000000e+06 1.396268656716417844e+01 4.410000000000000000e+02
4.484000000000000000e+03 1.474000000000000000e+03 1.200000000000000000e+01 1.139008000000000000e+06 1.176512605042016872e+02 4.410000000000000000e+02
3.886000000000000000e+03 4.570000000000000000e+02 1.200000000000000000e+01 1.276267000000000000e+06 1.399250936329588058e+01 4.410000000000000000e+02
2.971000000000000000e+03 3.720000000000000000e+02 1.200000000000000000e+01 8.686310000000000000e+05 5.379467680608365043e+01 4.410000000000000000e+02
9.600000000000000000e+01 9.970000000000000000e+02 1.200000000000000000e+01 9.246800000000000000e+05 8.180588235294117112e+02 2.630000000000000000e+02
3.146000000000000000e+03 2.113000000000000000e+03 1.200000000000000000e+01 9.269330000000000000e+05 9.235087719298245190e+01 4.410000000000000000e+02
4.241000000000000000e+03 1.810000000000000000e+02 1.200000000000000000e+01 9.635830000000000000e+05 3.985447761194029681e+01 4.410000000000000000e+02
4.920000000000000000e+02 1.305000000000000000e+03 1.200000000000000000e+01 8.498880000000000000e+05 2.488968253968253919e+02 2.630000000000000000e+02
3.693000000000000000e+03 2.070000000000000000e+03 1.200000000000000000e+01 8.870090000000000000e+05 1.000000000000000000e+00 4.410000000000000000e+02
1.460000000000000000e+03 2.120000000000000000e+02 1.200000000000000000e+01 1.455440000000000000e+06 3.549029126213592349e+02 4.410000000000000000e+02
7.930000000000000000e+02 1.353000000000000000e+03 1.200000000000000000e+01 8.291540000000000000e+05 1.000000000000000000e+00 4.410000000000000000e+02
2.314000000000000000e+03 2.117000000000000000e+03 1.200000000000000000e+01 9.087450000000000000e+05 2.051911764705882320e+02 2.500000000000000000e+02
3.954000000000000000e+03 1.840000000000000000e+03 1.200000000000000000e+01 9.196240000000000000e+05 1.467322834645669261e+01 4.410000000000000000e+02
7.650000000000000000e+02 1.890000000000000000e+02 1.200000000000000000e+01 1.272249000000000000e+06 7.989015151515151558e+01 4.410000000000000000e+02
2.674000000000000000e+03 7.900000000000000000e+02 1.200000000000000000e+01 1.169454000000000000e+06 1.264497991967871542e+02 4.410000000000000000e+02
6.600000000000000000e+02 9.500000000000000000e+01 1.200000000000000000e+01 9.551770000000000000e+05 3.419000000000000000e+03 2.580000000000000000e+02
1.552000000000000000e+03 4.960000000000000000e+02 1.200000000000000000e+01 1.029876000000000000e+06 7.422362869198312296e+01 4.410000000000000000e+02
1.100000000000000000e+02 2.015000000000000000e+03 1.200000000000000000e+01 9.716390000000000000e+05 1.301404958677686068e+02 4.410000000000000000e+02
1.490000000000000000e+03 5.050000000000000000e+02 1.200000000000000000e+01 8.148600000000000000e+05 1.000000000000000000e+00 4.410000000000000000e+02
1.701000000000000000e+03 2.477000000000000000e+03 1.200000000000000000e+01 8.905120000000000000e+05 1.186610169491525397e+02 3.820000000000000000e+02
6.940000000000000000e+02 4.400000000000000000e+02 1.200000000000000000e+01 1.475913000000000000e+06 2.270604651162790617e+02 4.410000000000000000e+02
2.653000000000000000e+03 5.180000000000000000e+02 1.200000000000000000e+01 1.027411000000000000e+06 3.041101694915254328e+01 4.410000000000000000e+02
6.640000000000000000e+02 3.500000000000000000e+01 1.200000000000000000e+01 9.500580000000000000e+05 6.957999999999999545e+02 2.580000000000000000e+02
3.965000000000000000e+03 1.918000000000000000e+03 1.200000000000000000e+01 1.020128000000000000e+06 1.000000000000000000e+00 4.410000000000000000e+02
1.179000000000000000e+03 7.430000000000000000e+02 1.200000000000000000e+01 8.616870000000000000e+05 1.000000000000000000e+00 4.410000000000000000e+02
5.640000000000000000e+02 1.575000000000000000e+03 1.200000000000000000e+01 8.870940000000000000e+05 2.759003831417624397e+01 4.410000000000000000e+02
2.226000000000000000e+03 7.230000000000000000e+02 1.200000000000000000e+01 9.491430000000000000e+05 1.000000000000000000e+00 4.410000000000000000e+02
4.318000000000000000e+03 4.770000000000000000e+02 1.200000000000000000e+01 8.475370000000000000e+05 1.000000000000000000e+00 4.410000000000000000e+02
9.040000000000000000e+02 2.490000000000000000e+03 1.200000000000000000e+01 8.225060000000000000e+05 9.116450216450216715e+01 4.410000000000000000e+02
2.116000000000000000e+03 1.801000000000000000e+03 1.200000000000000000e+01 9.057840000000000000e+05 1.000000000000000000e+00 4.410000000000000000e+02
2.796000000000000000e+03 1.119000000000000000e+03 1.200000000000000000e+01 8.761290000000000000e+05 5.298501872659176115e+01 4.410000000000000000e+02
3.585000000000000000e+03 1.575000000000000000e+03 1.200000000000000000e+01 1.007219000000000000e+06 9.446923076923076223e+01 4.410000000000000000e+02
1.522000000000000000e+03 5.110000000000000000e+02 1.200000000000000000e+01 8.752390000000000000e+05 7.015537848605578120e+01 4.410000000000000000e+02
7.600000000000000000e+02 2.800000000000000000e+02 1.200000000000000000e+01 1.453972000000000000e+06 2.739213973799126620e+02 4.410000000000000000e+02
3.294000000000000000e+03 2.245000000000000000e+03 1.200000000000000000e+01 9.690720000000000000e+05 3.419000000000000000e+03 2.640000000000000000e+02
4.507000000000000000e+03 6.500000000000000000e+01 1.200000000000000000e+01 8.547600000000000000e+05 1.493975903614457756e+01 4.410000000000000000e+02
3.295000000000000000e+03 2.275000000000000000e+03 1.200000000000000000e+01 9.538500000000000000e+05 3.419000000000000000e+03 2.600000000000000000e+02
2.068000000000000000e+03 2.231000000000000000e+03 1.200000000000000000e+01 8.700460000000000000e+05 1.000000000000000000e+00 4.410000000000000000e+02
1.023000000000000000e+03 9.660000000000000000e+02 1.200000000000000000e+01 1.128811000000000000e+06 1.018381742738589253e+02 4.410000000000000000e+02
7.700000000000000000e+01 2.406000000000000000e+03 1.200000000000000000e+01 1.011268000000000000e+06 4.152529182879377601e+01 4.410000000000000000e+02
1.236000000000000000e+03 7.590000000000000000e+02 1.200000000000000000e+01 9.209520000000000000e+05 1.000000000000000000e+00 4.410000000000000000e+02
8.200000000000000000e+01 6.990000000000000000e+02 1.200000000000000000e+01 8.647690000000000000e+05 1.239763779527559109e+02 4.410000000000000000e+02
2.599000000000000000e+03 1.721000000000000000e+03 1.200000000000000000e+01 8.844880000000000000e+05 6.619248826291079979e+01 4.410000000000000000e+02
3.354000000000000000e+03 6.250000000000000000e+02 1.200000000000000000e+01 8.461330000000000000e+05 4.112545454545454504e+02 2.580000000000000000e+02
3.011000000000000000e+03 2.750000000000000000e+02 1.200000000000000000e+01 9.517240000000000000e+05 7.332083333333333997e+01 4.410000000000000000e+02
2.506000000000000000e+03 1.668000000000000000e+03 1.200000000000000000e+01 8.793700000000000000e+05 7.071485943775100225e+01 4.410000000000000000e+02
1.081000000000000000e+03 9.790000000000000000e+02 1.200000000000000000e+01 8.311800000000000000e+05 1.099686098654708530e+02 4.410000000000000000e+02
3.030000000000000000e+02 2.089000000000000000e+03 1.200000000000000000e+01 9.967820000000000000e+05 6.600000000000000000e+01 4.410000000000000000e+02
2.771000000000000000e+03 1.934000000000000000e+03 1.200000000000000000e+01 1.035412000000000000e+06 1.784466019417475735e+01 3.890000000000000000e+02
3.158000000000000000e+03 2.046000000000000000e+03 1.200000000000000000e+01 1.317238000000000000e+06 5.948289473684210407e+02 4.410000000000000000e+02
4.900000000000000000e+02 2.278000000000000000e+03 1.200000000000000000e+01 8.324200000000000000e+05 1.000000000000000000e+00 4.410000000000000000e+02
7.000000000000000000e+01 4.830000000000000000e+02 1.200000000000000000e+01 8.492430000000000000e+05 8.297637795275591088e+01 4.410000000000000000e+02
1.304000000000000000e+03 2.068000000000000000e+03 1.200000000000000000e+01 1.353917000000000000e+06 3.898879668049792713e+02 4.410000000000000000e+02
3.278000000000000000e+03 2.289000000000000000e+03 1.200000000000000000e+01 8.718740000000000000e+05 3.228476821192052739e+02 3.890000000000000000e+02
4.372000000000000000e+03 2.730000000000000000e+02 1.200000000000000000e+01 1.212440000000000000e+06 3.028357487922705218e+02 4.410000000000000000e+02
3.510000000000000000e+03 1.539000000000000000e+03 1.200000000000000000e+01 8.305560000000000000e+05 1.395149253731343286e+01 4.410000000000000000e+02
8.680000000000000000e+02 2.552000000000000000e+03 1.200000000000000000e+01 8.792560000000000000e+05 1.894263565891472751e+02 4.410000000000000000e+02
